OROCK #STOCK 
 GOA #REGION 
 2021 #ASSESSYEAR 
 4/5/6 #TIER 
 full_update #UPDATE 
 Maximum_catch #FLIMIT 
 67239.8 #BESTB 
 45304.7 MINB 
 99795.1 MAXB 
 random_effects_model #ABUNDMETH 
 #STOCKNOTES 
 #TOTALCATCH 
 1 
 2003 2004 2005 2006 2007 2008 2009 2010 2011 2012 2013 2014 2015 2016 2017 2018 2019 2020 2021 
 1069 967 700 1100 697 770 904 970 928 1041 775 971 1092 1255 1078 1194 942 882 1201 
 #ABUNDANCE 
 1 
 1984 1985 1986 1987 1988 1989 1990 1991 1992 1993 1994 1995 1996 1997 1998 1999 2000 2001 2002 2003 2004 2005 2006 2007 2008 2009 2010 2011 2012 2013 2014 2015 2016 2017 2018 2019 2020 2021 
 23436.7 44492.9 84820.2 162616 139093 120166 104337 99312.7 94531.6 89982.3 99544.3 112197 128193 118445 110554 104582 95858.8 89145.8 82310 76824.7 80002.6 96136.1 81849.2 73742.2 53726.8 39276.6 69865.2 125103 88739.8 64950.9 83886.1 108513 99328.3 92444.5 79899.1 70528.2 67943.3 67239.8 
 #SURVEYNAMES GOA_trawl_biomass_mtons 
 #SURVEY1 
 1984 1987 1990 1993 1996 1999 2001 2003 2005 2007 2009 2011 2013 2015 2017 2019 2021 
 22348 187582 103280 89485 131110 106882 10766 75936 124714 74481 37472 145244 61861 115647 101393 70823 66925 
 #SURVEY2 
 #SURVEY3 
 #SURVEY4 
