# Number of parameters = 1  Objective function value = 111.580  Maximum gradient component = 1.56045e-005
# logSdLam:
 0.419355
# biom:
 7.25969 7.20521 4.53644
 8.11589 8.33077 5.85893
 8.97210 9.45634 7.18142
 9.82830 10.5819 8.50391
 9.72175 9.81900 7.34722
 9.61521 9.05610 6.19053
 9.50866 8.29319 5.03384
 9.35012 7.72314 4.86871
 9.19159 7.15308 4.70357
 9.03305 6.58303 4.53844
 8.69549 7.51197 5.11900
 8.35792 8.44091 5.69957
 8.02036 9.36986 6.28014
 8.34850 8.67046 5.16852
 8.67665 7.97107 4.05691
 9.00479 7.27168 2.94529
 8.77522 7.36354 4.99226
 8.54564 7.45539 7.03923
 7.97875 7.54725 5.28283
 7.41185 7.63910 3.52643
 7.48445 7.93206 6.42417
 7.55706 8.22502 9.32192
 7.52268 7.74330 8.03037
 7.48830 7.26158 6.73883
 7.13450 7.33224 5.49111
 6.78071 7.40289 4.24338
 6.91563 6.75735 5.63179
 7.05055 6.11182 7.02020
 7.79161 6.26113 6.04879
 8.53268 6.41044 5.07737
 7.92932 6.14037 5.69105
 7.32595 5.87029 6.30473
 7.11762 4.96568 7.45953
 6.90929 4.06107 8.61434
 7.38367 5.04441 6.71743
 7.85805 6.02775 4.82051
 6.43621 5.42213 4.08671
 5.01437 4.81652 3.35292
